52923 2721

QUARTER TO DATE SHIPMENT STATUS - WEEK ENDING 8/27/99

 

 

 

 

Total Quarter to Date Weokly Pattern
Qtr. 3 8/27/1999 Week Avg. of Avg. Req'd
L.E* Actual vs. L.E.* 8/27/1999 Last4Wks. to MeetL.E. Comments
5,471 3,268 -243 423 409 459
5,266 3,140 -240 407 393 443
205 128 -3 17 16 16
3,345 2,208 64 273 268 237
5,430 3,679 179 446 417 365
4,770 3,272 193 395 368 312
660 407 -14 51 50 53
4,377 3,040 211 364 339 279
143 89 -2 12 41 1
250 143 -16 19 17 22
730 572 105 74 71 33
325 267 58 32 32 12
261 217 50 27 26 9g
20 8 5 1 1 3
15,583 10,220 208 1,275 4,225 1,117
7,552 4,644 -160 625 620 606 Includes 33MM BSGSF
61 31 8 4 4 6
13 7 -1 1 41 1
23 ah -4 1 1 3
465 306 9 37 37 33
0 0 0 Q 0 0
8,114 4,998 ~164 663 663 649
149 419 24 13 14 6
| 4,717 1,105 8 144 136 127
1,866 1,224 32 157 150 134
9,980 6,222 +133 825 813 783
25,563 16,442 75 2,100 2,038 1,900

4.8 Seasonality: Q3: 1.0386