INBIFO Institut fir biologische Forschung GmbH - K6In B ) 2 Bob Fy
Report P 0500/3284 Page 23

 

 

 

 

BATCH cOoNc. ABSORBANCE AT 540 nm REL. TO CONTROL (%)
NO.
MEAN OF M SE
MICROTITER PLATE NO.
1 2 3 4
(puffs/ml1)
3333 0.000 100.0 100.0 100.0 100.0 100.0 0.0
0.065 107.1 102.7 103.6 105.1 104.6 1.0
0.130 102.7 102.1 99.7 100.4 101.2 0.7
0.194 16.4 14.1 12.7 8.8 13.0 1.6
0.259 2.1 2.7 2.5 1.9 2.3 0.2
0.324 0.0 0.0 0.0 0.0 0.0 0.0
0.389 0.0 0.0 0.0 0.0 0.0 0.0
0.454 1.4 1.1 2.4 0.0 1.3 0.5
0.518 1.9 2.1 2.0 0.5 1.6 0.4
3337 0.000 100.0 100.0 100.0 100.0 100.0 0.0
0.065 105.2 111.6 106.6 128.1 112.9 5.2
0.130 101.7 104.7 101.7 124.7 108.2 5.5
0.194 90.3 94.9 91.2 107.4 96.0 3.9
0.259 4 «1 2.8 7.0 4.6 0.9
0.324 0.0 0.0 0.0 0.4 0.1 0.1
0.389 2.6 3.1 0.0 0.1 1.4 0.8
0.454 1.3 3.8 1.8 0.7 1.9 0.7
0.518 2.5 3.8 2.7 3.8 3.2 0.3
3341 0.000 100.0 100.0 100.0 100.0 100.0 0.0
0.065 100.8 100.7 101.9 102.9 101.6 0.5
0.130 99.2 97.8 97.1 102.3 99.1 1.2
0.194 23.0 27.9 21.6 17.1 22.4 2.2
0.259 1.7 3.2 2.3 0.0 1.8 0.7
0.324 0.0 0.0 0.0 0.0 0.0 0.0
0.389 0.0 0.0 0.0 0.0 0.0 0.0
0.454 0.3 0.7 0.7 0.0 0.4 0.2
0.518 0.0 1.7 0.4 0.3 0.6 0.4
Table 10 NRU ASSAY, E-0-GVP
DATE BATCH EC50 95-% CONF. MAXIMUM SLOPE xr
NO. (puffs/ml) LIMIT VALUE
01-APR-98 3333 0.1714 0.0073 102.4 15,5127
0.9992
08-APR-98 3337 0.2184 0.0103 107.0 18.2303
0.9930
15-APR-98 3341 0.1759 0.0042 100.9 12.7372
0.9993

2078576236