INBIFO Institut fir biologische Forschung GmbH - K6In

Report P 0500/3284

 

 

Page 29

 

 

 

BATCH cOoNc. ABSORBANCE AT 540 nm REL. TO CONTROL (%)
NO.
MEAN OF M SE
MICROTITER PLATE NO.
1 2 3 4
(puffs/ml1)
3335 0.000 100.0 100.0 100.0 100.0 100.0 0.0
0.120 101.6 104.8 105.5 103.2 103.8 0.9
0.240 99.7 103.1 104.2 106.9 103.5 1.5
0.360 96.6 103.2 103.5 103.5 101.7 1.7
0.480 94.5 97.6 99.3 97.5 97.2 1.0
0.600 69.3 72.6 73.8 78.0 73.4 1.8
0.720 52.1 53.3 57.7 59.6 55.7 1.8
0.840 24.4 27.8 26.5 34.1 28.2 2.1
0.960 5.5 5.1 6.2 10.5 6.8 1.2
3339 0.000 100.0 100.0 100.0 100.0 100.0 0.0
0.120 111.8 100.7 103.8 105.0 105.3 2.3
0.240 108.6 97.9 101.5 101.8 102.4 2.2
0.360 107.8 99.0 99.4 98.1 101.1 2.2
0.480 101.3 91.1 92.9 96.7 95.5 2.3
0.600 75.6 67.9 69.1 72.3 71.2 1.7
0.720 54.4 46.0 49.1 47.6 49.3 1.8
0.840 30.2 21.1 24.9 20.6 24.2 2.2
0.960 10.1 7.3 8.4 6.0 7.9 0.9
3343 0.000 100.0 100.0 100.0 100.0 100.0 0.0
0.120 107.8 105.9 107.3 114.8 108.9 2.0
0.240 104.6 109.3 108.8 116.4 109.8 2.4
0.360 111.6 106.5 109.1 115.2 110.6 1.9
0.480 109.5 107.2 109.1 116.0 110.5 1.9
0.600 99.7 95.3 93.2 99.7 97.0 1.6
0.720 101.1 89.0 90.4 92.7 93.3 2.7
0.840 70.1 68.1 63.0 65.2 66.6 1.6
0.960 35.4 37.4 37.0 33.3 35.8 0.9
Table 13 NRU ASSAY, E-480-TPM
DATE BATCH EC50 95-% CONF. MAXIMUM SLOPE xr
NO. (puffs/ml) LIMIT VALUE
01-APR-98 3335 0.7186 0.0161 102.3 6.7175
0.9926
08-APR-98 3339 0.6975 0.0156 102.6 6.4988
0.9934
15-APR-98 3343 0.8881 0.0187 107.2 8.4087
0.9784

2078576242