INBIFO Institut fir biologische Forschung GmbH - K6In

Report P 0500/3284

 

 

Page 33

 

 

 

BATCH cOoNc. ABSORBANCE AT 540 nm REL. TO CONTROL (%)
NO.
MEAN OF M SE
MICROTITER PLATE NO.
1 2 3 4
(puffs/ml1)
3332 0.000 100.0 100.0 100.0 100.0 100.0 0.0
0.015 101.9 98.0 97.5 100.9 99.6 1.1
0.030 99.2 99.6 98.4 96.6 98.5 0.7
0.045 96.9 94.7 92.4 94.6 94.7 0.9
0.060 98.7 90.0 88.4 90.4 91.9 2.3
0.075 66.6 64.1 61.8 60.5 63.2 1.3
0.090 40.7 43.1 38.4 37.5 39.9 1.3
0.105 20.5 23.6 17.0 17.5 19.7 1.5
0.120 5.6 8.4 4.2 3.7 5.5 1.0
3336 0.000 100.0 100.0 100.0 100.0 100.0 0.0
0.015 107.4 102.5 104.4 100.1 103.6 1.5
0.030 104.8 98.4 101.2 97.2 100.4 1.7
0.045 101.2 90.6 97.9 93.8 95.9 2.3
0.060 97.5 93.0 90.9 86.0 91.8 2.4
0.075 67.9 64.8 67.7 58.5 64.7 2.2
0.090 44.6 40.4 43.1 36.7 41.2 1.7
0.105 25.3 24.6 27.5 15.3 23.2 2.7
0.120 13.9 14.1 13.0 11.1 13.0 0.7
3340 0.000 100.0 100.0 100.0 100.0 100.0 0.0
0.015 100.8 104.4 99.4 114.2 104.7 3.3
0.030 101.3 100.3 99.8 108.5 102.5 2.0
0.045 101.2 101.8 96.2 108.6 101.9 2.5
0.060 95.7 95.8 94.8 106.3 98.2 2.7
0.075 75.2 74.7 72.2 73.5 73.9 0.7
0.090 55.9 58.4 58.5 56.7 57.4 0.6
0.105 30.3 32.6 31.2 28.6 30.7 0.8
0.120 18.8 20.8 20.4 20.6 20.2 0.5
Table 15 NRU ASSAY, 1R4F-TPM
DATE BATCH EC50 95-% CONF. MAXIMUM SLOPE xr
NO. (puffs/ml) LIMIT VALUE
01-APR-98 3332 0.0836 0.0015 99.0 6.5127
0.9961
08-APR-98 3336 0.0843 0.0020 101.3 5.6229
0.9939
15-APR-98 3340 0.0918 0.0022 103.1 5.6157
0.9914

2078576246