INBIFO Institut fir biologische Forschung GmbH - K6In

 

 

Page 31

 

 

 

Report P 0500/3284
BATCH cOoNc. ABSORBANCE AT 540 nm REL. TO CONTROL (%)
NO.
MEAN OF M SE
MICROTITER PLATE NO.
1 2 3 4
(puffs/ml1)
3335 0.000 100.0 100.0 100.0 100.0 100.0 0.0
0.086 101.3 103.9 104.8 103.6 103.4 0.8
0.173 103.3 100.9 99.8 102.7 101.7 0.8
0.259 92.1 91.8 93.1 94.3 92.8 0.6
0.346 4.2 1.0 3.5 3.4 3.0 0.7
0.432 0.0 0.0 0.0 0.0 0.0 0.0
0.518 0.0 0.0 0.6 0.0 0.2 0.2
0.605 2.5 0.0 1.2 0.6 1.1 0.5
0.691 1.1 0.1 1.6 1.0 0.9 0.3
3339 0.000 100.0 100.0 100.0 100.0 100.0 0.0
0.086 108.5 106.2 104.6 106.8 106.5 0.8
0.173 103.7 103.9 101.1 99.8 102.1 1.0
0.259 92.4 89.6 80.4 83.7 86.5 2.7
0.346 9 «1 2.7 2.6 3.8 1.4
0.432 0.0 0.0 0.0 0.0 0.0 0.0
0.518 0.0 0.0 0.0 0.0 0.0 0.0
0.605 0.8 0.0 0.7 0.0 0.4 0.2
0.691 2.7 0.5 0.5 0.1 0.9 0.6
3343 0.000 100.0 100.0 100.0 100.0 100.0 0.0
0.086 107.8 101.8 102.1 104.1 104.0 1.4
0.173 102.0 102.1 99.9 101.0 101.2 0.5
0.259 99.4 97.4 95.5 103.6 99.0 1.7
0.346 18.5 14.5 10.5 28.2 17.9 3.8
0.432 0.0 0.0 0.0 0.0 0.0 0.0
0.518 0.0 1.1 0.0 0.0 0.3 0.3
0.605 0.7 1.0 0.3 0.9 0.7 0.2
0.691 0.9 1.2 4.0 2.2 2.0 0.7
Table 14 NRU ASSAY, E-480-GVP
DATE BATCH EC50 95-% CONF. MAXIMUM SLOPE xr
NO. (puffs/ml) LIMIT VALUE
01-APR-98 3335 0.2910 0.0037 101.7 20.1473
0.9996
08-APR-98 3339 0.2857 0.0055 102.9 16.9763
0.9987
15-APR-98 3343 0.3172 0.0088 101.7 17.7702
0.9983

2078576244