INBIFO Institut fir biologische Forschung GmbH - K6In B ) 2 Bob Fy
Report P 0500/3284 Page 35

 

 

 

 

BATCH cOoNc. ABSORBANCE AT 540 nm REL. TO CONTROL (%)
NO.
MEAN OF M SE
MICROTITER PLATE NO.
1 2 3 4
(puffs/ml1)
3332 0.000 100.0 100.0 100.0 100.0 100.0 0.0
0.015 103.8 100.8 102.6 105.0 103.0 0.9
0.030 102.9 100.5 102.3 104.1 102.5 0.7
0.045 100.6 98.2 99.7 103.1 100.4 1.0
0.060 101.0 95.9 99.7 100.5 99.3 1.2
0.075 17.3 13.4 6.7 14.9 13.1 2.3
0.090 2.2 0.0 0.0 2.7 1.2 0.7
0.105 1.0 0.0 0.3 1.5 0.7 0.3
0.120 1.0 0.0 0.5 4.8 1.6 1.1
3336 0.000 100.0 100.0 100.0 100.0 100.0 0.0
0.015 107.1 98.3 104.2 104.7 103.6 1.9
0.030 101.0 103.1 102.0 96.9 100.7 1.3
0.045 102.1 100.4 100.1 107.3 102.5 1.7
0.060 93.0 80.9 95.2 83.6 88.2 3.5
0.075 8.9 5.8 40.8 1.9 14.4 8.9
0.090 0.9 0.7 3.2 0.0 1.2 0.7
0.105 0.4 1.7 4.2 0.0 1.6 0.9
0.120 0.1 0.2 4.2 0.0 1.1 1.0
3340 0.000 100.0 100.0 100.0 100.0 100.0 0.0
0.015 100.9 102.0 100.5 92.4 98.9 2.2
0.030 100.2 99.0 101.4 985.9 96.6 3.6
0.045 100.2 105.2 101.5 83.0 97.5 4.9
0.060 102.5 100.6 99.3 78.4 95.2 5.6
0.075 8.7 2.8 0.0 0.0 2.9 2.90
0.090 0.5 0.0 0.0 0.0 0.1 0.1
0.105 2.2 0.3 0.0 0.0 0.6 0.5
0.120 2.4 0.4 0.0 0.0 0.7 0.6
Table 16 NRU ASSAY, 1R4F-GVP
DATE BATCH EC50 95-% CONF. MAXIMUM SLOPE xr
NO. (puffs/ml) LIMIT VALUE
01-APR-98 3332 0.0696 0.0013 101.5 25.5351
0.9990
08-APR-98 3336 0.0672 0.0019 101.7 16.4557
0.9922
15-APR-98 3340 0.0670 0.0036 98.3 31.0843
0.9942

2078576248