INBIFO Institut fir biologische Forschung GmbH - K6In

Report P 0500/3284

 

 

Page 21

 

 

 

BATCH cOoNc. ABSORBANCE AT 540 nm REL. TO CONTROL (%)
NO.
MEAN OF M SE
MICROTITER PLATE NO.
1 2 3 4
(puffs/ml1)
3333 0.000 100.0 100.0 100.0 100.0 100.0 0.0
0.090 112.5 102.9 105.8 113.5 108.7 2.6
0.180 107.4 105.0 109.0 110.2 107.9 1.1
0.270 111.7 103.4 104.2 104.1 105.9 2.0
0.360 80.8 76.9 78.2 177.4 78.3 0.9
0.450 75.9 68.4 67.2 67.4 69.7 2.1
0.540 14.3 14.4 17.6 14.6 15.2 0.8
0.630 1.6 1.4 1.1 1.2 1.3 0.1
0.720 1.3 1.8 o.1 1.1 1.1 0.4
3337 0.000 100.0 100.0 100.0 100.0 100.0 0.0
0.090 110.3 95.4 106.1 102.8 103.7 3.2
0.180 100.7 105.8 102.4 102.4 102.8 1.1
0.270 98.0 89.2 100.1 96.9 96.0 2.4
0.360 92.7 85.9 95.6 91.5 91.4 2.0
0.450 52.6 62.7 56.0 54.5 56.5 2.2
0.540 29.4 33.6 30.5 31.5 31.3 0.9
0.630 5.3 12.0 9.0 7.1 8.3 1.4
0.720 1.6 5.8 1.7 2.2 2.8 1.0
3341 0.000 100.0 100.0 100.0 100.0 100.0 0.0
0.090 110.2 102.4 97.8 103.6 103.5 2.6
0.180 107.2 101.9 100.0 101.6 102.7 1.6
0.270 103.6 98.5 94.9 101.0 99.5 1.8
0.360 94.0 90.1 89.0 96.5 92.4 1.8
0.450 52.1 52.9 54.5 54.6 53.5 0.6
0.540 32.4 29.3 30.6 37.0 32.3 1.7
0.630 4.9 8.0 8.4 14.0 8.8 1.9
0.720 0.1 1.9 4.1 3.8 2.5 0.9
Table 9 NRU ASSAY, E-0-TPM
DATE BATCH EC50 95-% CONF. MAXIMUM SLOPE xr
NO. (puffs/ml) LIMIT VALUE
01-APR-98 3333 0.4655 0.0167 103.2 9.1498
0.9844
08-APR-98 3337 0.4713 0.0104 101.4 7.3095
0.9947
15-APR-98 3341 0.4679 0.0104 102.3 7.1675
0.9948

2078576234