INBIFO Institut fir biologische Forschung GmbH - K6In B ) 2 Bob Fy
Report P 0500/3284 Page 27

 

 

 

 

BATCH cOoNc. ABSORBANCE AT 540 nm REL. TO CONTROL (%)
NO.
MEAN OF M SE
MICROTITER PLATE NO.
1 2 3 4
(puffs/ml1)
3334 0.000 100.0 100.0 100.0 100.0 100.0 0.0
0.086 104.8 102.3 102.1 104.3 103.4 0.7
0.173 102.4 97.9 98.3 100.3 99.7 1.0
0.259 74.2 65.5 58.4 80.3 69.6 4.8
0.346 2.4 1.8 1.8 3.5 2.4 0.4
0.432 0.0 0.0 0.0 0.0 0.0 0.0
0.518 0.4 1.0 0.3 0.3 0.5 0.2
0.605 0.2 0.0 0.0 1.2 0.3 0.3
0.691 0.2 0.3 0.0 1.8 0.6 0.4
3338 0.000 100.0 100.0 100.0 100.0 100.0 0.0
0.086 102.7 110.9 107.0 108.4 107.3 1.7
0.173 98.4 98.0 90.6 99.6 96.6 2.1
0.259 44.6 22.8 40.1 34.7 35.6 4.7
0.346 3.4 2.5 2.4 2.3 2.7 0.3
0.432 0.0 0.0 0.0 0.0 0.0 0.0
0.518 0.2 0.0 0.2 0.0 Q.1 0.1
0.605 0.1 0.0 0.0 0.5 0.2 0.1
0.691 1.1 1.3 0.6 0.9 1.0 0.2
3342 0.000 100.0 100.0 100.0 100.0 100.0 0.0
0.086 100.0 106.4 104.9 106.9 104.5 1.6
0.173 98.4 106.2 103.3 105.4 103.3 1.8
0.259 15.2 9.1 19.0 38.2 20.4 6.3
0.346 0.0 2.3 0.0 2.4 1.2 0.7
0.432 0.0 1.0 0.0 0.0 0.2 0.2
0.518 0.0 0.0 0.0 0.0 0.0 0.0
0.605 4.8 3.3 0.0 1.8 2.5 1.0
0.691 0.0 1.2 0.0 1.2 0.6 0.3
Table 12 NRU ASSAY, E-240-GVP
DATE BATCH EC50 95-% CONF. MAXIMUM SLOPE xr
NO. (puffs/ml) LIMIT VALUE
01-APR-98 3334 0.2726 0.0055 101.1 15.5159
0.9979
08-APR-98 3338 0.2399 0.0070 103.3 8.6682
0.9969
15-APR-98 3342 0.2441 0.2468 102.6 23.5846
0.9960

2078576240