INBIFO Institut fir biologische Forschung GmbH - K6In

Report P 0500/3284

 

 

Page 25

 

 

 

BATCH cOoNc. ABSORBANCE AT 540 nm REL. TO CONTROL (%)
NO.
MEAN OF M SE
MICROTITER PLATE NO.
1 2 3 4
(puffs/ml1)
3334 0.000 100.0 100.0 100.0 100.0 100.0 0.0
0.120 111.5 106.5 104.6 106.4 107.2 1.5
0.240 107.5 102.7 102.7 103.8 104.2 1.1
0.360 101.4 91.8 94.5 95.1 95.7 2.0
0.480 77.2 67.8 67.5 71.2 70.9 2.3
0.600 35.7 30.0 28.7 32.3 31.7 1.5
0.720 18.2 14.9 13.1 16.9 15.8 1.1
0.840 1.7 0.0 1.3 2.4 1.3 0.5
0.960 1.7 1.3 1.2 1.4 1.4 0.1
3338 0.000 100.0 100.0 100.0 100.0 100.0 0.0
0.120 103.1 105.6 110.9 105.9 106.4 1.6
0.240 100.3 101.1 106.9 102.2 102.6 1.5
0.360 97.1 97.0 104.5 102.9 100.4 1.9
0.480 81.9 89.6 94.7 89.1 88.8 2.6
0.600 46.7 54.4 58.8 53.3 53.3 2.5
0.720 22.7 30.9 33.5 21.1 27.1 3.0
0.840 2.2 2.9 6.9 8.1 5.0 1.5
0.960 0.1 1.7 4.2 3.4 2.4 0.9
3342 0.000 100.0 100.0 100.0 100.0 100.0 0.0
0.120 99.4 101.3 108.2 107.0 104.0 2.1
0.240 98.6 101.9 107.4 103.8 102.9 1.8
0.360 98.5 103.3 108.7 102.7 103.3 2.1
0.480 88.8 89.5 99.3 94.0 92.9 2.4
0.600 42.0 49.8 56.0 49.8 49.4 2.9
0.720 24.3 26.3 36.5 28.9 29.0 2.7
0.840 0.0 3.5 3.9 4.1 2.9 1.0
0.960 0.0 1.7 1.7 1.2 1.2 0.4
Table 11 NRU ASSAY, E-240-TPM
DATE BATCH EC50 95-% CONF. MAXIMUM SLOPE xr
NO. (puffs/ml) LIMIT VALUE
01-APR-98 3334 0.5357 0.0110 103.7 6.7161
0.9969
08-APR-98 3338 0.6108 0.0135 102.9 7.4721
0.9950
15-APR-98 3342 0.6085 0.0160 103.3 7.8981
0.9927

2078576238