INBIFO Institut fir biologische Forschung GmbH - K6In B ) 2 Bob Fy
Report P 0500/3284 Page 13

9 Tables and Figures

 

 

 

DATE CONC. ABSORBANCE AT 540 nm REL. TO CONTROL (%)

OF

EXPOSURE MEAN OF M SE

MICROTITER PLATE NO.
1 2 3 4

({mmol1/1}

01-APR-98 0.000 100.0 100.0 100.0 100.0 100.0 0.0
0.003 104.1 103.8 106.7 103.9 104.6 0.7
0.006 101.8 101.9 103.7 101.5 102.2 0.5
0.009 73.8 #65.3 53.5 55.7 62.1 4.7
0.012 3 3.8 0.9 4.8 3.7 1.0
0.015 0.0 0.0 4.1 1.7 1.4 1.0
0.018 2.0 0.0 0.0 0.3 0.6 0.5
0.021 1.6 0.7 0.0 2.2 1.1 0.5
0.024 2.6 1.7 0.0 3.2 1.9 0.7

08-APR-98 9.000 100.0 100.0 100.0 100.0 100.0 0.0
0.003 114.8 97.5 107.2 102.8 105.6 3.7
0.006 106.5 105.7 99.7 97.4 102.3 2.2
0.009 91.6 93.3 82.8 75.1 85.7 4.2
0.012 7.5 6.4 12.1 4.3 7.6 1.7
0.015 8.5 4.4 0.0 0.0 3.2 2.0
0.018 1.4 0.3 0.9 0.0 0.6 0.3
0.021 1.0 1.6 0.3 0.0 0.7 0.4
0.024 1.8 1.8 0.1 1.8 1.4 0.4

15-APR-98 0.000 100.0 100.0 100.0 100.0 100.0 0.0
0.003 103.4 103.0 101.8 110.1 104.6 1.9
0.006 106.7 100.5 97.6 107.8 103.1 2.4
9.009 96.8 99.2 94.5 101.4 98.0 1.5
0.012 11.4 25.0 12.5 14.7 15.9 3.1
0.015 0.8 0.0 0.0 0.4 0.3 0.2
0.018 0.0 1.1 0.7 2.1 1.0 0.4
0.021 0.0 0.6 2.4 3.9 1.7 0.9
0.024 1.1 3.5 3.4 3.8 3.0 0.6

Table 4 NRU ASSAY, ACROLEIN

DATE EC50 95-% CONF. MAXIMUM SLOPE r
(mmo1/1) LIMIT VALUE

01-APR-98 0.0093 0.0001 102.4 12.8113 0.9976

08-APR-98 0.0101 0.0003 102.7 14.2893 0.9962

2078576226