tensor([[ 20.,   0.,   0.,   0.,   0.,   0.,   0.,   1.,   0.,   0.],
        [  0.,  87.,   2.,   0.,  15.,   0.,   7.,   3.,  10.,   0.],
        [  5.,   5.,  91.,   0.,   8.,   3.,  26.,  21.,   6.,   0.],
        [  0.,   2.,   1., 481.,   0.,   4.,   3.,   2.,   4.,   1.],
        [  0.,   2.,   2.,   2.,  77.,   2.,   5.,   3.,  30.,   0.],
        [  1.,   4.,   6.,   6.,   9., 420.,  16.,  19.,  13.,  30.],
        [  3.,  14.,  31.,   3.,   2.,  10.,  94.,   6.,   1.,   3.],
        [  0.,   0.,  11.,   1.,  42.,  11.,  13., 221.,  27.,   6.],
        [  1.,   0.,   3.,   0.,  10.,   1.,   1.,   2.,  69.,   5.],
        [  2.,   7.,  14.,  14.,   3.,  99.,  15.,   7.,   2., 320.]])
tensor([0.9524, 0.7016, 0.5515, 0.9659, 0.6260, 0.8015, 0.5629, 0.6657, 0.7500,
        0.6625])

