TABLE 3

1996 FOTAL DI OU A U

o
}
oO

ma
=

WEEK # VOL # VOL WKLY % WEEK # VOL # VOL. WKLY %
END DAYS {BILL) BAYS {BILL) AVG. CHG SOM |ACT] END DAYS (BILL) | DAYS (BILL) AVG. CHG
1/5/96 4 1.938 4 1.938 2423 -6.0 29.08 | H | 1/3/97 2 0.850 2 0850 2.125 -123
M2 5 2.305 9 4.244 2358 -1.1 28.89 1H10 5 2.310 7 3160 2257 -—4.3
11g 5 2.315 14 6559 2342 —O0.2 28.63 117 5 2.291 12 5451 2271 -3.0
1/26 § 2273 19 8.831 2324 —-O5 28.61 1/24 5 2.257 17 «7.708 2267 -25
2/2 5 2.528 24 «11.359 2366 -0.7 28.70 1/31 5 2.382 22 10.080 2.293 —-3.1
2/9 5 2.680 29 «14.039 2421 —-1.3 29.06 a 5 2.552 27 12642 23414 —-3.3
ane 5 2.749 34 16.788 2469 -1.5 29.20

2/23 5 2.489 89 «19.277 2.471 -2,7 29,30

aA 5 2.649 44 21.927 2492 -27 29.25

3/8 5 2.793 49 24720 2522 -25 29.16

315 5 2.658 5400 27.878 25385 -27 29.12

3/22 5 2.499 $9 «29.877 2532 -3.2 28.82

3/29 5 2.623 64 «32.501 2539 -3.4 28.77

4S 5 2.330 69 34831 2.524 -44 28.70

4fi2 5 3.340 74 38.171 2579 —-25 28.84

aig 5 2.373 79 40.544 2566 —3.5 28.80

4/26 5 2.685 8 43.228 2573 -3.8 28.91

5/3 5 2612 89 «45.840 2.575 ~4.1 28.92

5/10 5 2.641 94 8 8648.481 2579 —-5.0 28.93

S17 5 2.782 99 =651.263 2589 -8.1 28.91

5/24 5 3.052 104 54.316 2611 —54 28.83

5/31 4 2,302 108 56.618 2621 -6.0 28.81

a7 5 2.706 113 -59.323 2625 -6.0 28.77

64 5 2.688 118 «662.011 2628 —-6.1 28.73

6/21 5 2.857 123 «64.869 2637 -59 28.71

6/28 5 3.017 128 467.879 2652 —-5.7 28.72

75 4 2,644 182 70.524 2671 -5.3 28.67

THe 5 2.569 187° 73.093 2.668 -54 28.64

7g 5 2.644 142 «75.736 2.687 -54 28.62

7/26 5 2.725 147 «678.461 2669 -5.3 28.63

8/2 5 2.781 1520 «81.211 2671 —-53 28.66

8 5S 2.788 157 84.000 2675 —-5.3 28.67

até 5 2.684 162 86.684 2675 —-59 28.56

8/23 5 2.624 167 «989.308 2674 -60 28.52

8/30 5 3.056 172 992.364 2685 -60 2848

9/6 4 2.366 176 «94.730 2691 -6.0 28.47

ots 5 2.648 181 4 4697,.378 2680 -59 2849

9/20 5 2.572 186 99,080 2687 —-5.9 28.48

9/27 5 2.663 191 '102513 2684 -6.0 28.49

10/4 5 2.663 196 105.176 2683 -5.8 28.51

10/11 5 2619 201 «107.795 2681 —5.7 28.51

10/8 5 2513 206 110.907 2877 -5.8 28.51 :

10/25 5 2.646 211 112.953 2677 -5.7 28.51

qt 5 2.807 216 115.761 2680 -5.6 28,54

11/8 5 2.689 221 118450 2680 -5.6 28.56

11s 5 2.653 226 121.103 2679 -5.6 28,56

tWj22 5 2.786 231 123.889 2.682 -5.7 28.56

1if2o 4 2247 235 126136 2684 -5.4 28.54

12/6 5 2,620 240 128.755 2682 —-5.4 28.54

12N3 5 2.574 245 131.330 2680 -5.4 28.53

t2feo 5 2916 250 134.245 2.685 —-5.6 28.49

12/27 4 2,156 254 136.401 2685 -5.7 28.43

42/31 21.175 256 137.576 2.687 -5.6 28.44

ACTIVITIES ACTIVITIES

H = Holiday Week

L
Pl

a

Price Inc.

Limited Hol.

H = Holiday Week

L87P98

J
:
¥

L