TABLE 2

1996 TOTAL FULL PR

Ce TOTAL OO CE el
OO aa Car

WEEK * VOL # VOL WKLY % WEEK # VOL # VOL WKLY %
ACT] END DAYS (BILL) DAYS (BILL) AVG. CHG SOM } ACT{ END DAYS {BILL) | DAYS (BILL) AVG. CHG
H 1/5/96 4 4.727 4 4.727 5.809 -68 70.92 H 1/3/97 2 2.133 2 21338 6332 -98
1/12 5 5.717 9 10.444 5,802 3.6 71.14 4/10 5 5.644 7 7.774 5883 —-43
1/19 & 5.903 14 16.347 5,838 62 71.37 WAZ & 5.671 12 13445 5602 -40
1/26 5 5,694 49 = 22,040 5.800 66 71.39 1/24 5 5.508 17 19042 5601 —-34
2f2 5 6186 24 28.226 5.880 7.0 71.30 1/31 5 5.818 22 24,861 5650 —3.9
2/9 5 6.054 28 34.280 5.910 5.8 70.94 27 5 6.258 27 31.119 5763 -25
ane 5 6417 34 40.687 5.985 4.5 70.80
H 2/23 5 5.808 39 46.505 5,962 39 70.70
3A 5 6.539 44 53.044 6.028 4.0 70,75
3/8 5 6999 49 60.043 6.127 48 70.84
3/5 5 6.611 54 66.653 6.172 48 70.83
3/22 5 7.127 59 73.780 6.253 5.5 71.18
3/29 5 6.693 64 80,474 6.287 5.4 71.23
L 4fS 5 6.039 69 86.513 6.269 3.9 71.30
PL] 42 5 7.686 74 94.199 6.365 5.2 71.16
49 5 6.011 79 «100.210 6.342 44 71.19
4/26 5 6.101 84 106.311 6.328 3.9 71.09
5/8 § 6333 89 112.644 6.328 3.7 71.08
5/10 5 6.453 $4 119.097 6,335 29 71.07
5/17 5 6.931 99 126.028 6.365 3.0 71.09
5/24 5 8.070 104 134.098 6447 3.10 71.47
HY 5/31 4 5.835 108 139.933 6.478 1.6 71.19
6f7 5 6.949 113 146.882 6.499 410 71.23
6/14 5 6.960 118 153.842 6.519 1.3 71.27
6/21 5 7.225 123 161.067 6.547 1.4 71.29
8/28 § 7.421 128 168.488 6.582 20 71.28
H 75 4 7.014 182 175.502 6.648 25 71.33
M2 5 6645 137 182.146 6.648 26 7136
@ 7G 5 6.787 142 188.983 6.653 27 71.38
7/26 5 6.629 147 195.562 6.652 25 7137
8/2 5 6571 152 202.133 6,649 23 71.34
8/9 5 6.875 157 209,008 6.656 22 133
8/16 5 7.779 162 216,787 6.691 25 71.44
8/23 5 7.088 1867 223.874 6.703 25 7148
8/30 5 8.082 172° 231.956 6.743 26 71.52
H 49/6 4 6,010 476 237.966 6.760 27 71.53
ofi3 5 6.462 181 244.428 6.752 26 71.51
9/20 5 6.526 186 250.953 6.746 26 7152
9/27 5 6.293 191 257.246 6.734 25 71.51
10/4 5 6.519 196 263.764 6.729 23 71.49
10/11 5 6.495 201 270.259 6.723 24 71.49
10/18 5 6329 206 276.588 8.713 2.1 71.49
10/25 5 6.660 211 283.248 6.712 2.0 71.49
WA 5 6,558 216 289,806 6.708 18 71.46
11/8 5 6522 221 296.328 6.704 1.9 71.44
WAS 5 6572 226 302.900 6.701 1.8 73.44
VWf22 5 7,071 231 $08.971 6.709 1.7 71.44
H jee 4 5.627 235 315.798 6.719 29 71.46
12/6 5 6.581 240 322.380 6.716 20 71.46
12/13 5 8623 245 329.003 6.714 21 71.47
12/20 5 8.011 250 337.014 6,740 419 7151
H 12/27 4 6.350 254 342.364 6.750 19 71.57
12/31 2. 2.716 256 346.080 6.759 19 71.56
ACTIVITIES ACTIVITIES
H = Holiday Week H = Holiday Week
L_ = Limited Hol.
PE = Price Inc.

8rP98

“3

Ot