TABLE 1

1996 [OTA IDUSTR
YEAR TO DATE

1997 TOTAL INDUSTRY
VEARTODATE

WEEK # VOL # VOL WKLY % WEEK # VOL # VOL WKLY %
END DAYS (Bitty | DAYS (BILL) AVG. GHG |JACT|END DAYS {BIL1) | DAYS (BILL) AVG. CHG
1/5/98 4 6,668 4 sess 8332 -6s | H | 1997 2 2.983 2 2983 7.457 -105
ine 5 8.022 9 14687 8160 22 10 5 7.951 7 10984 7.810 43
ing 5 8218 14 22.905 8180 43 17 5 7.962 12 18896 7.873 -38
1/28 5 7,966 18 30871 8124 4.5 1/24 5 7.854 17 26.750 7.868 -32
22 5 8714 24 «39.585 8247 47 i,t 5 8200 22 34951 7.943 -37
2/9 5 8.734 29 «48319 «8.331 3.6 an 5 8.810 27 «43.760 8.104 -27
2ne 5 9.166 34 57.486 845427

2/23 5 8,297 39 65782 8484 «1,9

an 5 9,189 44 74971 8519 2.0

3/8 5 9.792 49 84.763 8649 26

ans 5 9,269 54. 94.031 8.70725

3/22 5 9,628 59 103657 8785 28

3/29 5 9.317 64 112974 BB26 27

4/5 5 8.370 6 121.344 8793 14

4fi2 5 11,026 74 132370 8944 29

4ng 5 8.384 79 140.754 8908 2.0

4/28 5 8.785 84 149540 8901 16

5/3 5 8.945 89 158.484 8904 1.3

SiO 5 9,094 84 187578 8914 05

57 5 9713 99 177.201 8954 05

524 5 11.123 104 188.414 9.058 0.5

5/31 4 8437 108 196.550 9100 -07

6/7 5 9,655 113° 208.205 «9.124 -1.4

eta 5 9,648 118 215.853 9.146 -09

6/21 5 10.083 123 225,936 9.184 -0.8

6/28 5 10,431 128 236.367 9.233 -0.3

7/5 4 9,658 132 246.025 9319 02

7A2 5 9,214 137 285.289 9315 8602

7A9 5 9,431 142 264669 9319 02

7126 5 9.383 147 274.023 9.320 0.1

8/2 5 9,322 152 283.344 9.301 -0.0

8/9 5 9,663 157 293.007 9.331 -0.1

Bn 5 10.463 162 303471 9.366 -0.0

8/23 5 97it 167 313.182 9377 -O4

8/30 5 11.138 172 324.920 9.428 0.0

9/6 4 8.376 176 332696 9452 01

93 5 9.110 181 341.805 9.442 0.0

9/20 5 9,098 186 350.903 9433 0.0

9/27 5 8.855 191 369.759 9.418 —0O4

10/4 5 9,182 196 368941 9.412 -O.1

10/11 5 9.113 201 378.054 9.404 -0.1

10/18 5 8,842 206 386.896 9.381 -03

10/25 5 9,308 211 398.201 9,389 -0.3

WA 5 9.365 216 405.567 9.388 -0.4

11/8 5 9211 221 414.778 9.384 -0.4

11/15 5 9.225 226 424.003 9.381 —0.4

41/22 5 9,887 231 433.860 9.391 -05

11/29 4 8,074 235 441.934 9.408 -02

12/6 5 9,201 240 451.135 9399 -02

12/13 5 9.197 245 460332 9.395 -02

12/20 5 10.926 250 471.259 9.425 -04

12/27 4 8508 254 479.765 9.444 -0,3

12/31 23.892 256 483.656 9.446 -0.3

ACTIVITIES ACTIVITIES

H = Holiday Week
L = Limited Hol.

Pl = Price Inc.

H = Holiday Week

6OL87PIR