TABLE 4

OTAL LORILLARD
@
WEEK ¥# VOL # VOL WKLY % WEEK # VOL # VOL WKLY %
ACTPEND DAYS (BILL) DAYS (BILL, AVG. GHG SOM ACT| END DAYS (BILL) | BAYS (BILL) AVG. GHG SOM
H | 1/96 4 0.550 4 0.550 0.688 69 8.26 H | 1/3/97 2 0.237 2 0.237 0592 -139 7.94
1fi2 5 0.689 9 1.239 0.688 10.0 844 10 5 0.797 7 1.034 0.739 73 9,46
ws 5 0.703 14 1.942 0.604 12 8.48 WZ 5 714 12 1.748 0.728 5.0 9.25
1/26 5 0.702 19 2.644 0.696 124 856 1f24 5 0.706 17 2454 0.722 37 O17
22 5 0.744 24 3.388 0.706 124 8.56 181 5 0,707 22 «3.161 4.718 1.8 9.05
2/9 & 0,787 28 4144 0715 115 8.58 alr 5 0.816 27 3.977 0.736 34 9,09
2/16 5 0.795 34 4939 0.726 103 859
H ] 2/23 5 0.680 39 5.619 0.720 B7 868.54
3A 5 0.742 44 6.362 0.723 94 8.49
3s 5 0.789 49 7.150 0.730 94 8.44
3/15 5 0.761 54 7.911 0.732 at 8.41
3/22 5 0.723 59 8.633 0.732 85 8.33
3/29 5 9.747 64 9.381 0.733 79 830
L P48 & 773 69 10.154 0,736 79 837
PI} 42 5 0977 74 11.131 0.752 98 8.41
4/19 5 a.719 79 11.850 0,750 89 8.42
4/28 5 0,733 84 12.583 0.749 83 8.44
5/3 5 0.756 ag 18.339 0.749 79 8.42
5/10 5 0.788 g4 14.128 0.751 69 8.43
S17 5 0.831 99 «©614.959 0.756 73 8.44
5/24 5 0.926 104 15.865 0,764 73 8.43
H { 5/st 4 0.657 108 16.542 0.766 64 842
of? 5 0.818 413 17.360 0.768 63 8.42
aia 5 0.824 118 18.184 0.771 60 8.42
6/21 5 0.823 123 «19.007 0.773 59 844
6/28 5 0.808 128 19.815 0.774 5.1 8.38
H | 7/5 4 0871 122 © 20,686 0.784 59 8.41
712 5 0.786 137 21.472 0.784 56 8.41
THs 5 0.833 142 =22,305 (0.785 56 843
7/26 5 0.815 147 23.120 0.786 57 8.44
a2 5 0.802 152 23.923 0.787 56 8.44
af 5 0.821 187 24.744 0.788 55 8.44
Bné 5 0.804 162 25.548 0.789 53 842
8/23 5 0.809 187 26.356 0,789 5.1 8.42
8/30 5 0910 172 = 27.287 «0.793 49 841
H 49/6 4 0.694 176 27.961 0.794 48 8.40 ’
O13 5 0,823 181 28.784 0.795 48 842
9/20 5 0.835 1860 «28,619 0.796 5.0 8.44
9/27 5 0.774 191 30.393 0.796 50 845
10/4 5 0.783 196 «31.176 0.795 47 8.45
10/11 5 0773 201 31.949 0.795 47 845
10/18 5 0.750 208 832.699 0.794 44 8.45
10/25 5 0.742 aii 33.441 0.792 43 8.44
A 5 0911 216 34.352 0.795 46 847
1178 5 0,820 224 35.172 0.796 47 8.48
15 5 0.780 226 435,952 0795 46 848 ‘
122 5 0,804 2n 36.756 0.796 44 847
HE 11/29 4 0.665 235 37.421 0.796 46 8.47
12/6 5 0,763 240 = 38.183 0.795 47 8.46
12/13 5 0.770 245 38.953 0.795 46 8.46
12/20 5 0.806 250 39.859 0.797 45 846
Hf 12/27 4 0.661 254 40.520 0.798 42 845
12/31 20.390 BS6 40.908 0.799 44 846
ACTIVITIES ACTIVITIES
H = Holiday Week H = Holiday Week
L = Limited Hol.
PI = Price Inc.

©
L898

|
t
L