Jan

Mar

1990

8/88; 2/89; 6/89

ales

20

3,716

598
696
806
913
1,013
1, 126
1,248
1,322
1,396
1,482
1,571

1,655

13,826

‘ie.

ratis

12

S lonouo

ota

 

Demand Comparison

4% Lead Market

ota

626
430
509

 

(MM Units)
9/88; 2/89; 6/89

ales ratis
0 0
12 12
20 0
9 5
11 0
13 /
65 24
94 53
91 0
63 33
77 0
394 232
399 0
302 128
345 0
397 112
450 0
506 0
559 __0
3,677 558
594 0
692 0
802 0
909 0
1,009 0
1,122 _ 0
1,244 0
1,317 0
1,391 0
1,477 0
1,566 0
1,650 0
13,773 0

147

Attachment 1

 

10/88; 4/89; 8/89

aves

464
526
630
732
832
940
1,053
1,126
1,205
1,291
1,382
1,467

11,648

ratis

0
0
12
0
5
0

7

ota

 

6826 2290S