1088
- 2088
3088
49858

1988

1089
2089
3089
4089

1989

1990
2090
3990
4090

1990

1991
2091
3991
499)

1991

1Q92
2092
3092
4Q92

1992
1093
2093
3Q93
4093

1993

U.S. Sales

«32

33

65

248
870
1,044
1,515

3,677

2,088
3,040
3,952
4,693

13,773

5,193
6,453
7,708
&,616

27,970

9,035
10,475
11,058
11,084

41,652
10,673
11,765
12,573
12,818

47,829

9/12 Lead Market

Total U.S. Production Requirement
(MM Units)

U.S. Gratis Total

12
12

24

86
232
240

558

Export

570

400
48]
560
639

2,080

1,064
1,664
2,261
2,861

7,850

138
150
159
m

618
180
192
201
213

786

44
47

—

91

336
1,157
1,485
1,827

4,805

2,488
3,521
4,512
5,332

15,853

6,257
8,117
9,969
11,477

35,820

9,173
10,625
11,217
11,255

42,270
10,853
11,957
12,774
13,031

48,615

Attachment 3

Export
Components

18
58

107
264

155
207
166

528

3, 186
2,567
1,605

642

8,000

2626 2290S