Attachment 2

8/15 Lead Market

Total U.S. Production Requirement
(MM Units)

Export
“US. Sales U.S. Gratis Export Total Components
1088 | -- -- -- -- --
2088 -- -- -- -- --
-- 3088 | 41 17 -- 58 --
4988 * _39 _ 2 48 | =
1988 80 24 9 106 -0-
1089 253 86 2 34] 18
2089 880 232 55 1,167. 58
3089 1,056 240 201 1,497 81
4089 1,527 _-- 312 1,839 107
1989 3,716 558 570 4,844 264
1090 2,100 -- 400 2,500 155
2090 3,052 -- 481 3,533 207
3090 3,966 -- 560 4,526 166
4090 4,708 _-- 639 5,347 _--
1990 13,826 -0- 2,080 15,906 528
1991 5,208 -- 1,064 6,272 --
2091 6,469 -- 1,664 8,133 --
3091 7,717 -- 2,261 9,978 --
4091. 8,620 - 2,861 11,481 —
1991 28,014 ~0- 7,850 35,864 -0-
19092 9,040 -- 138 9,178 3,186
2092 10,480 -- 150 10,630 2,567
3092 11,066 -- 159 11,225 1,605
4992 11,093 _ 7 11,264 642
1992 41,679 -0- 618 42,297 8,000
1993 10,680 -- 180-10, 860 | --
2093 11,770 -- 192 11,962 --
3093 12,575 -- 201 12,776 --
4093 12,827 — 213 13,040 i
1993 47,852 -0- 786 48,638 -0-

L626 2290S