Attachment 4
10/17 Lead Market

Total U.S. Production Requirement
MM Units

Export
U.S. Sales U.S. Gratis Export Total Components
1088 -- -- -- -- --
2088 -- -- -- -- a.
- 3988 12 12 -- 24 ~~

4088 « 39 5 2 46 —
1988 51 7 2 70 -0-
1989 122 60 -- 182 18
2089 244 33 53 330 58
3089 1,100 360 189 1,649 8]
4Q89 1, 189 Ve 298 1,599 107
1989 2,655 565 540 3,760 264
1990 1,620 -- 393 2,013 155
2990 2,504 -- 473 2,977 207
3Q90 3,384 -- 554 3,938 166
4990 4,140 _c- 632 4,772 cc
1990 11,648 -0- 2,052 13,700 528
1091 4,657 -- 1,057 5,714 --
2091 5,834 -- 1,656 7,490 --
3091 6,941 -- 2,255 9,196 --
4991 7,877 ct 2,853 10,730 a
199) 25,309 -0- 7,821 33, 130 -0-
1992 8,398 -- 132 8,530 3, 186
2092 9,920 -- 142 10,062 2,567
3992 10,840 -- 153 10,993 1,605
4092 10,868 ated 163 11,031 642
1992 40,026 -0- "590 40,616 8,000
1993 10,454 -- 174 10,628 --
2093 11,485 -- 184 11,669 --
3993 12,153 -- 195 12,348 --
4093 12,434 ct 205 12,639 co
1993 46,526 -0- 758 47,284 © -0-

£626 2290S