VOLUME

INDUSTRY
FULL PRICE
SAVINGS

RJR

FULL PRICE
SAVINGS

PM
FULL PRICE
SAVINGS

SOM

INDUSTRY
FULL PRICE
SAVINGS

RJR
FULL PRICE
SAVINGS

PM
FULL PRICE
SAVINGS

SOFP/SAV

INDUSTRY
FULL PRICE
SAVINGS

RJR
FULL PRICE
SAVINGS

PM
FULL PRICE
SAVINGS

115296
76482
38814

32725

19067
13658

49692
39335
10357

100.00
66.34
33.66

28.38
16.54
41.85

43.10
34.12
8.98

100.00
100.00

24.93
35.19

$1.43
26.68

SHIPMENTS -- ASSUMES NO MCLANE PAYBACK

126871
86180
40691

33668

20250
13418

57855

10975

100.00
67.83
32.07

26.54
15.96
10.58

45.60
36.95
8.65

100.00
100.00

23.50
32.98

54.40
26.97

1994

127537
86565
40972

33891

20178
13713

§7322
46725
10597

400.00
67.87
32.13

26.57
15.82
10.75

44.95
36.64
8.31

100.00
100.00

23.31
33.47

53.98
25,86

120294
83604
36690

32118

19742
12376

54655

100.00
69.50
30.50

26.70
16.41
10.29

45.43
37.43
8.01

100.00
100.00

23.61
33.73

53.85
26.26

489998
332831
157167

132402

79237
$3165

219524
477962
41562

100.00
67.92
32.08

27.02
16.17
10.85

44.80
36,32
8.48

100.00
100.00

23.81
33.83

53,47
26.44

115649
80455
35194

31671

19150
12621

52006
43628
8378

100.00
69.57
30.43

27.39
16.56
40.83

44.97

37.72
7.24

100.00
100.00

23.80
35.68

64.23
23.80

124900
86726
38174

33857

20490
13367

56375
47188
9187

100.00
69.44
30.56

27.14
16.41
10.70

45.14
37.78
7.36

100.00
100.00

23.63
35.02

54.41
24.07

1995

123726
84767
38958

33417

19887
13530

55827
46427
9400

100.00
68.51
31.49

27.01
16.07
10.94

45.12
37.52
7.60

100,00
100.00

23.46
34,73

54.77
24.43

116317
79162
37155

31375

18476
12899

§2508
43598
8910

+ 100.00
68.06
34.94

26.97
15.88
11.09

45.14
37.48
7.66

100.00
400.00

23.34
34.72

55.07
23.98

9/14/94

ee
_ 1. it iW —_W YEAR 1 _l __ti iv YEAR.

480591
331110
149481

130321

78003
52318

216716
180841
35875

100.00
68.90
31.10

27.12
16.23
10.89

45.09
37.63
7.46

400.00
100.00

23.56
35.00

54.62
24.00

LPOQZ 6LETS