VOLUME

INDUSTRY
FULL PRICE
SAVINGS

RJR
FULL PRICE
SAVINGS

PM
FULL PRICE
SAVINGS

SOM

INDUSTRY
FULL PRICE
SAVINGS

RJR
FULL PRICE
SAVINGS

PM
FULL PRICE
SAVINGS

SOFPISAV

INDUSTRY
FULL PRICE
SAVINGS

RJR
FULL PRICE
SAVINGS

PM
FULL PRICE
SAVINGS

118296
76482
38814

32725
19067
13656

49692
39335
10357

100.00
66.34
33.66

28.38
16.54
11.85

43.10
34.12
8.98

100.00
100.00

24.93
35.19

§1.43
26.68

SHIPMENTS -- ASSUMES MCLANE PAYBACK

126871
86180
40691

33668
20250
13418

57855
46880
10978

100.00
67.93
32.07

26,54
15.96
10.58

45.60
36.95
8.65

400.00
100.00-

23.50
32.98

54.40
26.97

1994

127537
86565
40972

33891
20178
13713

$7322
46725
10597

100.00
67.87
32.13

26.57
16.82
10.75

44.95
36.64
8.31

100.00
100.00

23,31
33.47

53.98
25.86

113294
79004
34290

30218

* 18642

11576

50155
42022
8133

100.00
69,73
30.27

26.67
16.45
10.22

44,27
37.09
7.18

100.00
100.00

23.60
33.76

$3.19
23.72

482998
326231
184767

130502
78137
§2365

215024
174962
40062

100.00
67.96
32.04

27.02
16.18
10.84

44.52
36.22
8.29

100.00
100.00

23.81
33.83

53.30
25.89

115649
80455
35194

31671
19150
12521

52006
43628
8378

100.00
69,57
30.43

27.39
16.66
10.83

44.97

37.72
7.24

100.00
100.00

23.80
35.58

54.23
23.80

424900
86726
38174

33857
20490
13367

56375
47188
9187

100.00
69.44
30.56

27.14
16.41
10,70

45.14
37.78
7.36

100.00
100.00

23.63
35.02

64.41
24,07

1995

123726
84767
38958

33417
19887
13530

55827
46427
9400

100.00
68.51
31.48

27.01
16.07
10.94

45.12
37,52
7.60

100.00
100.00

23,46
34.73

$4.77
24.13

116317
79162
37155

31375
18476
12899

§2508
43598
8910

+ 100.00

68.06
31.94

26.97
15.88
41.09

45.14
37.48
7.66

100.00
109.00

23.344
34.72

55.07
23.98

9/14/94

a
—t. it  —il —W_ "YEAR. tL YEAR

480591
331110
149481

130321
78003
$2318

216716
180841
35875

100.00
68,90
31.10

27.12
16.23
10.89

45.09
37.63
7.46

400.00
100.00

23.56
35.00

54.62
24.00

 

99@7 6L6TS