VOLUME

INDUSTRY
FULL PRICE
SAVINGS

RJR
FULL PRICE
SAVINGS

PM
FULL PRICE
SAVINGS

SOM

INDUSTRY
FULL PRICE
SAVINGS

RJR
FULL PRICE
SAVINGS

PM
FULL PRICE
SAVINGS

SOFPI/SAV

INDUSTRY
FULL PRICE
SAVINGS

RJR
FULL PRICE
SAVINGS

PM
FULL PRICE
SAVINGS

ESTIMATED CONSUMPTION

1994

i

—l it

—L_

111985
74822
37163

30854
18041
12813

49488
39355
10133

100.00
66.81
33.19

27.55
16.14
41.44

44.19
35.14
9.05

100.00
100,00

24.11
34.48

§2.60
27.27

123251
83058
40192

32990
19713
13277

55306
44237
11069

400.00
67.39
32.61

26.77
15.99
10,77

44.87
35.89
8.98

100.00
100.00

23.73
33.03

§3.26
27.54

126799
85922
40878

33298
20230
13068

57088
46032
41056

100.00
67.76
32.24

26.26
15.95
10.31

45.02
36.30
8.72

100.00
100.00

23.55
31.97

53.57
27.05

120294
83604
36690

32118
19742
12376

54655
45022

100.00
69,50
30.50

26.70
16.41
10.29

45.43
37.43
8.01

100.00
100.00

23.61
33.73

53.85
26.26

YEAR.

482329
327406
154923

129260
T7727
51534

216537
174645
41892

100.00

67.68
32.12

26.80
16.11
10.68

44,89
36.21
8.69

100.00
100.00

23.74
33.26

53.34
27.04

115649
80455
35194

31671
19150
12521

52006
43628
8378

100.00
69.57
30.43

27.39
16,56
10.83

44,97
37.72
7.24

100,00
100.00

23.80
35.58

64.23
23.80

124900
86726
38174

33857
20490
13367

56376
47188
9187

100.00
69.44
30.56

27.11
16.44
10.70

45.14
37.78
136

400.00
100.00

23.63
35,02

54.41
24.07

1995

123726
84767
38958

33417
19887
13530

§5827
46427
$400

100.00
68.51
34.49

27.01
16.07
10.94

45.12
37.52
7.60

100.00
100.00

23.46
34.73

54.77
24.13

116317
79162
37155

31376
18476
12899

52508
43598
8910

100.00
68,06
31.94

26.97
15.88
11.09

45.14
37.48
7.66

100.00
100.00

23,34
34.72

55.07
23.98

9/14/94

ee
_— to tt il LY YEAR.

480591
331110
149481

130321
78003
52318

216716
180841
35875

100.00
68.90
31.10

27.12
16.23
10.89

45,09
37.63
7.46

100.00
100.00

23.56
35.00

§4.62
24.00

SOc 6L6TS