TABLE IT

COMPARISON OF THE SMOKE DELIVERIES OF THE 24TH MARKET SAMPLE

Tar (mg/cig.) Nicotine (mg/ciz.) CO (mg/etp.)

BN Fe 6 Bee,

“T
ARCTIC LIGHTS &5 8.6 8.2 7.9 0.81 0.69 0.73 9.4 10.3 9.2
ARCTIC LIGHTS 100 8.4 8.4 8.6 0.85 0.74 0,80 10.8 10.9 10.5
BELAIR 85 8.2 °° OL 8.6 0.87 0.82 0,82 9.9 11,3 10,2
BELAIR 100 8.0 8.2 8.0 0.76 0.65 0.70 9.6 10,2 9.4
duMAERIER 85 14,7 14.30 14.2 1.10 0.97 0.96 17.6 19.0 16.4
KOOL 70 16,8 18,2 18.8 1,19 1.1300 1,12 13.5 15,5 14.3
KOOL Box 80 16.4 16,0 15.6 1.36 1.27 1,29 17,5 18,3 16.0
KOOL 85 15.8 15.5 16.1 1,31 1.20 0 1.25 18.4 18.6 16.9
KOOL 100 14.3 15.1 14.8 1.20 Ll 1,12 17.6 19.4 16.8
KOOL International 95 9.1 8.5 Si 0.80 0.68 O,71 10,2 10.9 10.1
KOOL Milds 85 11.5 15 11.7 1.04 0,89 0.95 12.9 14.3 13,4
KOOL Milds 100 11.3 12.4 11.9 1.10 1.04 1.07 12.9 14.6 12.8
KOOL Super Lights 85 6.8 7.2 7.3 0.69 0.59 0.71 8.0 8.6 a4
KOOL Super Lights 100 8.2 8.4 8.8 0.79 0,68 «0.75 10.5 10.9 10.4
RALEIGH Plain &5 23.0 22.7 23.9 1.50 1.35 1.43 19.4 19.0 18,2
RALEIGH 85 5.1 15.2 15.5 1.14 0.98 1,05 18.2 19,3 17,2
RALEIGH 100 15,5 16.G 15.8 1.27) 1,14 1.16 19.0 20.4 17.7
RALEIGH Lights 85 7.9 8.5 8.6 0.82 C.76 0.77 10.0 11.2 10,5
RALEIGH Lights 100 8.3 8.4 8.6 0,85 0.77 0,80 11.7 1.7 1.3
VICEROY 85 146.3 14.7 14.6 1.10 0.99 1.00 17.4 18.8 16.9
VICEROY 100 14.9 15.4 14.8 1.28 1.18 1.14 18.6 19.7 17.0
VICEROY RICH LIGHTS 85 79 8.3 8.5 0.78 0.69 0.77 9.6 10.8 10.3
VICEROY RICH LIGHTS 100 B.4 ALE 8.6 ORY 0.71 0.78 12.4 11.8 W.3

a
nN
=
eS
- a
-
zy
wy
°