@ R.J. REYNOLDS

MEDIA-DELIVERED COUPONING

 

CIRCULATION
(000)
Fourth Quarter
1988 FST ROP SUPPLEMENT MAGAZINE TOTAL
Vantage 57,139 0 0 32,833 89,972
Now 35,581 34,702 0 0 73,283
Winston 82,696 0 0 0 82,696
Salem 71,316 0 0 5,031 76,347
More 8,077 0 0 15,630 23,707
Doral 0 0 0 0 0
Century 0 0 0 0 0
Camel 58,841 0 0 4,82] 63,662
Ritz 0 Q 0 0 0
Total 316,650 34,702 0 58,314 409 , 666
CY 1988
Winston 176,217 0 0 0 176,217
Salem 139,413 0 0 5,031 144,444
Vantage 222,769 0 0 51,016 284,359
ow 86,955 62,754 0 26,423 176,132
é: 25,201 0 0 50,852 76,053
ral 0 0 0 0 0
Century ) 0 0 0 0
Camel 198,191 0 0 22,676 220,867
Ritz 0 0 0 0 Q
Total 848,745 62,754 0 155,998 1,078,071
Fourth Quarter
1989
Winston 66 , 968 0 0 0 66,968
Camel 0 0 0 0 0
More 0 0 0 0 0
Now 17,584 2,164 1,517 0 21,264
Salem 63,226 0 0 0 63,226
Vantage 42,118 0 0 Q 42,118
Total 189,896 2,164 1,517 0 193,576
cY_ 1989
Winston 140,799 0 0 0 140,799
Camel . 190,826 0 0 12,694 203,519
More 8,407 0 0 16,782 25,189
Now 76,624 2,602 1,820 24,012 105,058
Salem 241,608 on) 0 10,304 251,913
ntage 267,511 0 2,976 20,084 290,571
@::i 288 0 0 0 288
_ total 927,797 2,602 4,795 83,876 1,019,070

SOURCE: ACB

—

q

yRLLSEOvOe